Example_CPT
6
X
Y
Z
SBT
CoarseFrac
403.8	51.8	87.6	6	1	
403.8	51.8	87.5	6	1	
403.8	51.8	87.4	6	1	
403.8	51.8	87.3	6	1	
403.8	51.8	87.2	6	1	
403.8	51.8	87.1	6	1	
403.8	51.8	87.0	7	1	
403.8	51.8	86.9	7	1	
403.8	51.8	86.8	6	1	
403.8	51.8	86.7	6	1	
403.8	51.8	86.6	6	1	
403.8	51.8	86.5	6	1	
403.8	51.8	86.4	6	1	
403.8	51.8	86.3	6	1	
403.8	51.8	86.2	6	1	
403.8	51.8	86.1	6	1	
403.8	51.8	86.0	6	1	
403.8	51.8	85.9	6	1	
403.8	51.8	85.8	6	1	
403.8	51.8	85.7	6	1	
403.8	51.8	85.6	6	1	
403.8	51.8	85.5	6	1	
403.8	51.8	85.4	6	1	
403.8	51.8	85.3	6	1	
403.8	51.8	85.2	6	1	
403.8	51.8	85.1	6	1	
403.8	51.8	85.0	6	1	
403.8	51.8	84.9	6	1	
403.8	51.8	84.8	6	1	
403.8	51.8	84.7	6	1	
403.8	51.8	84.6	6	1	
403.8	51.8	84.5	6	1	
403.8	51.8	84.4	6	1	
403.8	51.8	84.3	6	1	
403.8	51.8	84.2	6	1	
403.8	51.8	84.1	6	1	
403.8	51.8	84.0	6	1	
403.8	51.8	83.9	6	1	
403.8	51.8	83.8	6	1	
403.8	51.8	83.7	6	1	
403.8	51.8	83.6	6	1	
403.8	51.8	83.5	6	1	
403.8	51.8	83.4	6	1	
403.8	51.8	83.3	6	1	
403.8	51.8	83.2	6	1	
403.8	51.8	83.1	6	1	
403.8	51.8	83.0	6	1	
403.8	51.8	82.9	6	1	
403.8	51.8	82.8	6	1	
403.8	51.8	82.7	6	1	
403.8	51.8	82.6	6	1	
403.8	51.8	82.5	6	1	
403.8	51.8	82.4	6	1	
403.8	51.8	82.3	6	1	
403.8	51.8	82.2	6	1	
403.8	51.8	82.1	6	1	
403.8	51.8	82.0	6	1	
403.8	51.8	81.9	6	1	
403.8	51.8	81.8	6	1	
403.8	51.8	81.7	6	1	
403.8	51.8	81.6	6	1	
403.8	51.8	81.5	6	1	
403.8	51.8	81.4	6	1	
403.8	51.8	81.3	6	1	
403.8	51.8	81.2	6	1	
403.8	51.8	81.1	6	1	
403.8	51.8	81.0	6	1	
403.8	51.8	80.9	6	1	
403.8	51.8	80.8	5	0	
403.8	51.8	80.7	4	0	
403.8	51.8	80.6	4	0	
403.8	51.8	80.5	5	0	
403.8	51.8	80.4	4	0	
403.8	51.8	80.3	4	0	
403.8	51.8	80.2	6	1	
403.8	51.8	80.1	6	1	
403.8	51.8	80.0	6	1	
403.8	51.8	79.9	5	0	
403.8	51.8	79.8	4	0	
403.8	51.8	79.7	4	0	
403.8	51.8	79.6	4	0	
403.8	51.8	79.5	4	0	
403.8	51.8	79.4	4	0	
403.8	51.8	79.3	5	0	
403.8	51.8	79.2	5	0	
403.8	51.8	79.1	6	1	
403.8	51.8	79.0	6	1	
403.8	51.8	78.9	6	1	
403.8	51.8	78.8	6	1	
403.8	51.8	78.7	6	1	
403.8	51.8	78.6	6	1	
403.8	51.8	78.5	6	1	
403.8	51.8	78.4	6	1	
403.8	51.8	78.3	6	1	
403.8	51.8	78.2	6	1	
403.8	51.8	78.1	6	1	
403.8	51.8	78.0	6	1	
403.8	51.8	77.9	6	1	
403.8	51.8	77.8	6	1	
403.8	51.8	77.7	6	1	
403.8	51.8	77.6	6	1	
403.8	51.8	77.5	6	1	
403.8	51.8	77.4	6	1	
403.8	51.8	77.3	6	1	
403.8	51.8	77.2	6	1	
403.8	51.8	77.1	6	1	
403.8	51.8	77.0	6	1	
403.8	51.8	76.9	6	1	
403.8	51.8	76.8	6	1	
403.8	51.8	76.7	6	1	
403.8	51.8	76.6	6	1	
403.8	51.8	76.5	6	1	
403.8	51.8	76.4	6	1	
403.8	51.8	76.3	6	1	
403.8	51.8	76.2	5	0	
403.8	51.8	76.1	5	0	
403.8	51.8	76.0	5	0	
403.8	51.8	75.9	4	0	
403.8	51.8	75.8	4	0	
403.8	51.8	75.7	4	0	
403.8	51.8	75.6	4	0	
403.8	51.8	75.5	4	0	
403.8	51.8	75.4	3	0	
403.8	51.8	75.3	3	0	
403.8	51.8	75.2	3	0	
403.8	51.8	75.1	3	0	
403.8	51.8	75.0	4	0	
403.8	51.8	74.9	4	0	
403.8	51.8	74.8	5	0	
403.8	51.8	74.7	5	0	
403.8	51.8	74.6	6	1	
403.8	51.8	74.5	6	1	
403.8	51.8	74.4	6	1	
403.8	51.8	74.3	6	1	
403.8	51.8	74.2	6	1	
403.8	51.8	74.1	6	1	
403.8	51.8	74.0	6	1	
403.8	51.8	73.9	6	1	
403.8	51.8	73.8	6	1	
403.8	51.8	73.7	6	1	
403.8	51.8	73.6	6	1	
403.8	51.8	73.5	6	1	
403.8	51.8	73.4	6	1	
403.8	51.8	73.3	6	1	
403.8	51.8	73.2	6	1	
403.8	51.8	73.1	6	1	
403.8	51.8	73.0	6	1	
403.8	51.8	72.9	6	1	
403.8	51.8	72.8	6	1	
403.8	51.8	72.7	6	1	
403.8	51.8	72.6	6	1	
403.8	51.8	72.5	6	1	
403.8	51.8	72.4	6	1	
403.8	51.8	72.3	6	1	
403.8	51.8	72.2	6	1	
403.8	51.8	72.1	6	1	
403.8	51.8	72.0	6	1	
403.8	51.8	71.9	6	1	
403.8	51.8	71.8	6	1	
403.8	51.8	71.7	6	1	
403.8	51.8	71.6	6	1	
403.8	51.8	71.5	6	1	
403.8	51.8	71.4	6	1	
403.8	51.8	71.3	6	1	
403.8	51.8	71.2	6	1	
403.8	51.8	71.1	6	1	
403.8	51.8	71.0	6	1	
403.8	51.8	70.9	6	1	
403.8	51.8	70.8	6	1	
403.8	51.8	70.7	6	1	
403.8	51.8	70.6	6	1	
403.8	51.8	70.5	6	1	
403.8	51.8	70.4	6	1	
403.8	51.8	70.3	6	1	
403.8	51.8	70.2	6	1	
403.8	51.8	70.1	6	1	
403.8	51.8	70.0	6	1	
403.8	51.8	69.9	6	1	
403.8	51.8	69.8	5	0	
403.8	51.8	69.7	5	0	
403.8	51.8	69.6	5	0	
403.8	51.8	69.5	5	0	
403.8	51.8	69.4	5	0	
403.8	51.8	69.3	5	0	
403.8	51.8	69.2	5	0	
403.8	51.8	69.1	5	0	
403.8	51.8	69.0	5	0	
403.8	51.8	68.9	5	0	
403.8	51.8	68.8	6	1	
403.8	51.8	68.7	6	1	
403.8	51.8	68.6	6	1	
403.8	51.8	68.5	6	1	
403.8	51.8	68.4	6	1	
403.8	51.8	68.3	6	1	
403.8	51.8	68.2	6	1	
403.8	51.8	68.1	6	1	
403.8	51.8	68.0	6	1	
403.8	51.8	67.9	6	1	
403.8	51.8	67.8	6	1	
403.8	51.8	67.7	6	1	
403.8	51.8	67.6	5	0	
403.8	51.8	67.5	3	0	
403.8	51.8	67.4	3	0	
403.8	51.8	67.3	3	0	
403.8	51.8	67.2	3	0	
403.8	51.8	67.1	3	0	
403.8	51.8	67.0	3	0	
403.8	51.8	66.9	3	0	
403.8	51.8	66.8	3	0	
403.8	51.8	66.7	3	0	
403.8	51.8	66.6	3	0	
403.8	51.8	66.5	3	0	
403.8	51.8	66.4	3	0	
403.8	51.8	66.3	3	0	
403.8	51.8	66.2	3	0	
403.8	51.8	66.1	3	0	
403.8	51.8	66.0	3	0	
403.8	51.8	65.9	3	0	
403.8	51.8	65.8	4	0	
403.8	51.8	65.7	4	0	
403.8	51.8	65.6	3	0	
403.8	51.8	65.5	3	0	
403.8	51.8	65.4	3	0	
403.8	51.8	65.3	3	0	
403.8	51.8	65.2	3	0	
403.8	51.8	65.1	3	0	
403.8	51.8	65.0	3	0	
403.8	51.8	64.9	3	0	
403.8	51.8	64.8	3	0	
403.8	51.8	64.7	3	0	
403.8	51.8	64.6	3	0	
403.8	51.8	64.5	3	0	
403.8	51.8	64.4	3	0	
403.8	51.8	64.3	3	0	
403.8	51.8	64.2	3	0	
403.8	51.8	64.1	3	0	
403.8	51.8	64.0	3	0	
403.8	51.8	63.9	3	0	
403.8	51.8	63.8	3	0	
403.8	51.8	63.7	3	0	
403.8	51.8	63.6	3	0	
403.8	51.8	63.5	3	0	
403.8	51.8	63.4	3	0	
403.8	51.8	63.3	3	0	
403.8	51.8	63.2	3	0	
403.8	51.8	63.1	4	0	
403.8	51.8	63.0	3	0	
403.8	51.8	62.9	3	0	
403.8	51.8	62.8	3	0	
403.8	51.8	62.7	3	0	
403.8	51.8	62.6	3	0	
403.8	51.8	62.5	3	0	
403.8	51.8	62.4	3	0	
403.8	51.8	62.3	3	0	
403.8	51.8	62.2	3	0	
403.8	51.8	62.1	3	0	
403.8	51.8	62.0	3	0	
403.8	51.8	61.9	3	0	
403.8	51.8	61.8	3	0	
403.8	51.8	61.7	3	0	
403.8	51.8	61.6	3	0	
403.8	51.8	61.5	3	0	
403.8	51.8	61.4	3	0	
403.8	51.8	61.3	4	0	
403.8	51.8	61.2	3	0	
403.8	51.8	61.1	3	0	
403.8	51.8	61.0	3	0	
403.8	51.8	60.9	4	0	
403.8	51.8	60.8	5	0	
403.8	51.8	60.7	4	0	
403.8	51.8	60.6	3	0	
403.8	51.8	60.5	3	0	
403.8	51.8	60.4	3	0	
403.8	51.8	60.3	3	0	
403.8	51.8	60.2	3	0	
403.8	51.8	60.1	3	0	
403.8	51.8	60.0	3	0	
403.8	51.8	59.9	3	0	
403.8	51.8	59.8	3	0	
403.8	51.8	59.7	3	0	
403.8	51.8	59.6	3	0	
403.8	51.8	59.5	3	0	
403.8	51.8	59.4	3	0	
403.8	51.8	59.3	3	0	
403.8	51.8	59.2	3	0	
403.8	51.8	59.1	3	0	
403.8	51.8	59.0	3	0	
403.8	51.8	58.9	3	0	
403.8	51.8	58.8	3	0	
403.8	51.8	58.7	3	0	
403.8	51.8	58.6	3	0	
403.8	51.8	58.5	3	0	
403.8	51.8	58.4	3	0	
403.8	51.8	58.3	4	0	
403.8	51.8	58.2	5	0	
403.8	51.8	58.1	5	0	
403.8	51.8	58.0	5	0	
275.8	131.8	88.4	8	0
275.8	131.8	88.3	8	0
275.8	131.8	88.2	8	0
275.8	131.8	88.1	8	0
275.8	131.8	88.0	8	0
275.8	131.8	87.9	8	0
275.8	131.8	87.8	8	0
275.8	131.8	87.7	8	0
275.8	131.8	87.6	8	0
275.8	131.8	87.5	8	0
275.8	131.8	87.4	8	0
275.8	131.8	87.3	5	0
275.8	131.8	87.2	5	0
275.8	131.8	87.1	5	0
275.8	131.8	87.0	5	0
275.8	131.8	86.9	5	0
275.8	131.8	86.8	5	0
275.8	131.8	86.7	5	0
275.8	131.8	86.6	5	0
275.8	131.8	86.5	5	0
275.8	131.8	86.4	5	0
275.8	131.8	86.3	5	0
275.8	131.8	86.2	5	0
275.8	131.8	86.1	5	0
275.8	131.8	86.0	6	1
275.8	131.8	85.9	6	1
275.8	131.8	85.8	6	1
275.8	131.8	85.7	6	1
275.8	131.8	85.6	6	1
275.8	131.8	85.5	6	1
275.8	131.8	85.4	6	1
275.8	131.8	85.3	6	1
275.8	131.8	85.2	6	1
275.8	131.8	85.1	6	1
275.8	131.8	85.0	6	1
275.8	131.8	84.9	6	1
275.8	131.8	84.8	5	0
275.8	131.8	84.7	5	0
275.8	131.8	84.6	5	0
275.8	131.8	84.5	5	0
275.8	131.8	84.4	5	0
275.8	131.8	84.3	8	0
275.8	131.8	84.2	8	0
275.8	131.8	84.1	9	0
275.8	131.8	84.0	4	0
275.8	131.8	83.9	3	0
275.8	131.8	83.8	3	0
275.8	131.8	83.7	3	0
275.8	131.8	83.6	3	0
275.8	131.8	83.5	4	0
275.8	131.8	83.4	3	0
275.8	131.8	83.3	3	0
275.8	131.8	83.2	3	0
275.8	131.8	83.1	4	0
275.8	131.8	83.0	4	0
275.8	131.8	82.9	4	0
275.8	131.8	82.8	9	0
275.8	131.8	82.7	9	0
275.8	131.8	82.6	4	0
275.8	131.8	82.5	4	0
275.8	131.8	82.4	4	0
275.8	131.8	82.3	4	0
275.8	131.8	82.2	5	0
275.8	131.8	82.1	4	0
275.8	131.8	82.0	3	0
275.8	131.8	81.9	3	0
275.8	131.8	81.8	4	0
275.8	131.8	81.7	4	0
275.8	131.8	81.6	5	0
275.8	131.8	81.5	5	0
275.8	131.8	81.4	6	1
275.8	131.8	81.3	6	1
275.8	131.8	81.2	6	1
275.8	131.8	81.1	6	1
275.8	131.8	81.0	6	1
275.8	131.8	80.9	6	1
275.8	131.8	80.8	6	1
275.8	131.8	80.7	6	1
275.8	131.8	80.6	6	1
275.8	131.8	80.5	6	1
275.8	131.8	80.4	6	1
275.8	131.8	80.3	6	1
275.8	131.8	80.2	6	1
275.8	131.8	80.1	6	1
275.8	131.8	80.0	6	1
275.8	131.8	79.9	6	1
275.8	131.8	79.8	6	1
275.8	131.8	79.7	6	1
275.8	131.8	79.6	6	1
275.8	131.8	79.5	6	1
275.8	131.8	79.4	6	1
275.8	131.8	79.3	6	1
275.8	131.8	79.2	6	1
275.8	131.8	79.1	6	1
275.8	131.8	79.0	6	1
275.8	131.8	78.9	6	1
275.8	131.8	78.8	5	0
275.8	131.8	78.7	4	0
275.8	131.8	78.6	3	0
275.8	131.8	78.5	3	0
275.8	131.8	78.4	3	0
275.8	131.8	78.3	3	0
275.8	131.8	78.2	3	0
275.8	131.8	78.1	3	0
275.8	131.8	78.0	3	0
275.8	131.8	77.9	3	0
275.8	131.8	77.8	3	0
275.8	131.8	77.7	3	0
275.8	131.8	77.6	4	0
275.8	131.8	77.5	4	0
275.8	131.8	77.4	4	0
275.8	131.8	77.3	4	0
275.8	131.8	77.2	4	0
275.8	131.8	77.1	3	0
275.8	131.8	77.0	4	0
275.8	131.8	76.9	4	0
275.8	131.8	76.8	4	0
275.8	131.8	76.7	4	0
275.8	131.8	76.6	4	0
275.8	131.8	76.5	5	0
275.8	131.8	76.4	5	0
275.8	131.8	76.3	5	0
275.8	131.8	76.2	5	0
275.8	131.8	76.1	5	0
275.8	131.8	76.0	5	0
275.8	131.8	75.9	5	0
275.8	131.8	75.8	5	0
275.8	131.8	75.7	5	0
275.8	131.8	75.6	4	0
275.8	131.8	75.5	4	0
275.8	131.8	75.4	4	0
275.8	131.8	75.3	4	0
275.8	131.8	75.2	4	0
275.8	131.8	75.1	4	0
275.8	131.8	75.0	5	0
275.8	131.8	74.9	5	0
275.8	131.8	74.8	5	0
275.8	131.8	74.7	4	0
275.8	131.8	74.6	4	0
275.8	131.8	74.5	5	0
275.8	131.8	74.4	5	0
275.8	131.8	74.3	5	0
275.8	131.8	74.2	5	0
275.8	131.8	74.1	5	0
275.8	131.8	74.0	4	0
275.8	131.8	73.9	4	0
275.8	131.8	73.8	4	0
275.8	131.8	73.7	4	0
275.8	131.8	73.6	5	0
275.8	131.8	73.5	5	0
275.8	131.8	73.4	5	0
275.8	131.8	73.3	5	0
275.8	131.8	73.2	6	1
275.8	131.8	73.1	6	1
275.8	131.8	73.0	5	0
275.8	131.8	72.9	4	0
275.8	131.8	72.8	3	0
275.8	131.8	72.7	3	0
275.8	131.8	72.6	3	0
275.8	131.8	72.5	3	0
275.8	131.8	72.4	3	0
275.8	131.8	72.3	3	0
275.8	131.8	72.2	3	0
275.8	131.8	72.1	3	0
275.8	131.8	72.0	3	0
275.8	131.8	71.9	3	0
275.8	131.8	71.8	3	0
275.8	131.8	71.7	3	0
275.8	131.8	71.6	5	0
275.8	131.8	71.5	6	1
275.8	131.8	71.4	6	1
275.8	131.8	71.3	6	1
275.8	131.8	71.2	6	1
275.8	131.8	71.1	6	1
275.8	131.8	71.0	6	1
275.8	131.8	70.9	5	0
275.8	131.8	70.8	5	0
275.8	131.8	70.7	6	1
275.8	131.8	70.6	6	1
275.8	131.8	70.5	6	1
275.8	131.8	70.4	6	1
275.8	131.8	70.3	6	1
275.8	131.8	70.2	5	0
275.8	131.8	70.1	5	0
275.8	131.8	70.0	5	0
275.8	131.8	69.9	5	0
275.8	131.8	69.8	5	0
275.8	131.8	69.7	5	0
275.8	131.8	69.6	5	0
275.8	131.8	69.5	5	0
275.8	131.8	69.4	5	0
275.8	131.8	69.3	5	0
275.8	131.8	69.2	5	0
275.8	131.8	69.1	5	0
275.8	131.8	69.0	6	1
275.8	131.8	68.9	6	1
275.8	131.8	68.8	6	1
275.8	131.8	68.7	6	1
275.8	131.8	68.6	5	0
275.8	131.8	68.5	5	0
275.8	131.8	68.4	5	0
275.8	131.8	68.3	4	0
275.8	131.8	68.2	4	0
275.8	131.8	68.1	4	0
275.8	131.8	68.0	4	0
275.8	131.8	67.9	4	0
275.8	131.8	67.8	4	0
275.8	131.8	67.7	5	0
275.8	131.8	67.6	5	0
275.8	131.8	67.5	5	0
275.8	131.8	67.4	4	0
275.8	131.8	67.3	3	0
275.8	131.8	67.2	3	0
275.8	131.8	67.1	3	0
275.8	131.8	67.0	3	0
275.8	131.8	66.9	3	0
275.8	131.8	66.8	4	0
275.8	131.8	66.7	5	0
275.8	131.8	66.6	5	0
284.8	278.8	88.4	6	1
284.8	278.8	88.3	6	1
284.8	278.8	88.2	6	1
284.8	278.8	88.1	6	1
284.8	278.8	88.0	6	1
284.8	278.8	87.9	6	1
284.8	278.8	87.8	6	1
284.8	278.8	87.7	6	1
284.8	278.8	87.6	6	1
284.8	278.8	87.5	6	1
284.8	278.8	87.4	6	1
284.8	278.8	87.3	6	1
284.8	278.8	87.2	6	1
284.8	278.8	87.1	7	1
284.8	278.8	87.0	6	1
284.8	278.8	86.9	6	1
284.8	278.8	86.8	7	1
284.8	278.8	86.7	7	1
284.8	278.8	86.6	6	1
284.8	278.8	86.5	6	1
284.8	278.8	86.4	6	1
284.8	278.8	86.3	6	1
284.8	278.8	86.2	6	1
284.8	278.8	86.1	6	1
284.8	278.8	86.0	5	0
284.8	278.8	85.9	5	0
284.8	278.8	85.8	5	0
284.8	278.8	85.7	5	0
284.8	278.8	85.6	6	1
284.8	278.8	85.5	6	1
284.8	278.8	85.4	6	1
284.8	278.8	85.3	6	1
284.8	278.8	85.2	6	1
284.8	278.8	85.1	6	1
284.8	278.8	85.0	6	1
284.8	278.8	84.9	6	1
284.8	278.8	84.8	6	1
284.8	278.8	84.7	6	1
284.8	278.8	84.6	6	1
284.8	278.8	84.5	6	1
284.8	278.8	84.4	6	1
284.8	278.8	84.3	6	1
284.8	278.8	84.2	6	1
284.8	278.8	84.1	5	0
284.8	278.8	84.0	5	0
284.8	278.8	83.9	5	0
284.8	278.8	83.8	6	1
284.8	278.8	83.7	6	1
284.8	278.8	83.6	6	1
284.8	278.8	83.5	6	1
284.8	278.8	83.4	6	1
284.8	278.8	83.3	6	1
284.8	278.8	83.2	6	1
284.8	278.8	83.1	6	1
284.8	278.8	83.0	6	1
284.8	278.8	82.9	6	1
284.8	278.8	82.8	6	1
284.8	278.8	82.7	6	1
284.8	278.8	82.6	6	1
284.8	278.8	82.5	6	1
284.8	278.8	82.4	6	1
284.8	278.8	82.3	6	1
284.8	278.8	82.2	6	1
284.8	278.8	82.1	6	1
284.8	278.8	82.0	6	1
284.8	278.8	81.9	6	1
284.8	278.8	81.8	6	1
284.8	278.8	81.7	6	1
284.8	278.8	81.6	6	1
284.8	278.8	81.5	6	1
284.8	278.8	81.4	6	1
284.8	278.8	81.3	6	1
284.8	278.8	81.2	6	1
284.8	278.8	81.1	6	1
284.8	278.8	81.0	6	1
284.8	278.8	80.9	6	1
284.8	278.8	80.8	6	1
284.8	278.8	80.7	6	1
284.8	278.8	80.6	6	1
284.8	278.8	80.5	6	1
284.8	278.8	80.4	6	1
284.8	278.8	80.3	6	1
284.8	278.8	80.2	6	1
284.8	278.8	80.1	6	1
284.8	278.8	80.0	6	1
284.8	278.8	79.9	6	1
284.8	278.8	79.8	6	1
284.8	278.8	79.7	5	0
284.8	278.8	79.6	3	0
284.8	278.8	79.5	3	0
284.8	278.8	79.4	3	0
284.8	278.8	79.3	5	0
284.8	278.8	79.2	5	0
284.8	278.8	79.1	5	0
284.8	278.8	79.0	4	0
284.8	278.8	78.9	3	0
284.8	278.8	78.8	3	0
284.8	278.8	78.7	3	0
284.8	278.8	78.6	3	0
284.8	278.8	78.5	3	0
284.8	278.8	78.4	3	0
284.8	278.8	78.3	3	0
284.8	278.8	78.2	3	0
284.8	278.8	78.1	3	0
284.8	278.8	78.0	3	0
284.8	278.8	77.9	3	0
284.8	278.8	77.8	3	0
284.8	278.8	77.7	3	0
284.8	278.8	77.6	4	0
284.8	278.8	77.5	5	0
284.8	278.8	77.4	5	0
284.8	278.8	77.3	5	0
284.8	278.8	77.2	5	0
284.8	278.8	77.1	5	0
284.8	278.8	77.0	4	0
284.8	278.8	76.9	3	0
284.8	278.8	76.8	3	0
284.8	278.8	76.7	5	0
284.8	278.8	76.6	4	0
284.8	278.8	76.5	4	0
284.8	278.8	76.4	3	0
284.8	278.8	76.3	3	0
284.8	278.8	76.2	4	0
284.8	278.8	76.1	5	0
284.8	278.8	76.0	5	0
284.8	278.8	75.9	5	0
284.8	278.8	75.8	6	1
284.8	278.8	75.7	6	1
284.8	278.8	75.6	6	1
284.8	278.8	75.5	6	1
284.8	278.8	75.4	6	1
284.8	278.8	75.3	6	1
284.8	278.8	75.2	6	1
284.8	278.8	75.1	6	1
284.8	278.8	75.0	6	1
284.8	278.8	74.9	6	1
284.8	278.8	74.8	6	1
284.8	278.8	74.7	6	1
284.8	278.8	74.6	6	1
284.8	278.8	74.5	6	1
284.8	278.8	74.4	6	1
284.8	278.8	74.3	6	1
284.8	278.8	74.2	6	1
284.8	278.8	74.1	6	1
284.8	278.8	74.0	6	1
284.8	278.8	73.9	6	1
284.8	278.8	73.8	6	1
284.8	278.8	73.7	6	1
284.8	278.8	73.6	6	1
284.8	278.8	73.5	6	1
284.8	278.8	73.4	6	1
284.8	278.8	73.3	6	1
284.8	278.8	73.2	6	1
284.8	278.8	73.1	6	1
284.8	278.8	73.0	6	1
284.8	278.8	72.9	6	1
284.8	278.8	72.8	6	1
284.8	278.8	72.7	6	1
284.8	278.8	72.6	6	1
284.8	278.8	72.5	6	1
284.8	278.8	72.4	6	1
284.8	278.8	72.3	6	1
284.8	278.8	72.2	6	1
284.8	278.8	72.1	6	1
284.8	278.8	72.0	6	1
284.8	278.8	71.9	6	1
284.8	278.8	71.8	6	1
284.8	278.8	71.7	5	0
284.8	278.8	71.6	5	0
284.8	278.8	71.5	5	0
284.8	278.8	71.4	5	0
284.8	278.8	71.3	5	0
284.8	278.8	71.2	6	1
284.8	278.8	71.1	6	1
284.8	278.8	71.0	6	1
284.8	278.8	70.9	6	1
284.8	278.8	70.8	6	1
284.8	278.8	70.7	6	1
284.8	278.8	70.6	6	1
284.8	278.8	70.5	6	1
284.8	278.8	70.4	6	1
284.8	278.8	70.3	6	1
284.8	278.8	70.2	6	1
284.8	278.8	70.1	6	1
284.8	278.8	70.0	6	1
284.8	278.8	69.9	6	1
284.8	278.8	69.8	6	1
284.8	278.8	69.7	6	1
284.8	278.8	69.6	6	1
284.8	278.8	69.5	6	1
284.8	278.8	69.4	6	1
284.8	278.8	69.3	6	1
284.8	278.8	69.2	6	1
284.8	278.8	69.1	6	1
284.8	278.8	69.0	6	1
284.8	278.8	68.9	6	1
284.8	278.8	68.8	6	1
284.8	278.8	68.7	6	1
284.8	278.8	68.6	6	1
284.8	278.8	68.5	6	1
284.8	278.8	68.4	6	1
284.8	278.8	68.3	6	1
284.8	278.8	68.2	6	1
284.8	278.8	68.1	6	1
284.8	278.8	68.0	6	1
284.8	278.8	67.9	6	1
284.8	278.8	67.8	5	0
284.8	278.8	67.7	4	0
284.8	278.8	67.6	4	0
284.8	278.8	67.5	4	0
284.8	278.8	67.4	4	0
284.8	278.8	67.3	5	0
284.8	278.8	67.2	5	0
284.8	278.8	67.1	5	0
284.8	278.8	67.0	6	1
284.8	278.8	66.9	6	1
284.8	278.8	66.8	6	1
284.8	278.8	66.7	6	1
284.8	278.8	66.6	6	1
284.8	278.8	66.5	6	1
284.8	278.8	66.4	6	1
284.8	278.8	66.3	6	1
284.8	278.8	66.2	6	1
284.8	278.8	66.1	5	0
284.8	278.8	66.0	5	0
284.8	278.8	65.9	5	0
284.8	278.8	65.8	5	0
284.8	278.8	65.7	5	0
284.8	278.8	65.6	5	0
284.8	278.8	65.5	5	0
284.8	278.8	65.4	6	1
284.8	278.8	65.3	6	1
284.8	278.8	65.2	6	1
284.8	278.8	65.1	6	1
284.8	278.8	65.0	6	1
284.8	278.8	64.9	6	1
284.8	278.8	64.8	5	0
284.8	278.8	64.7	6	1
284.8	278.8	64.6	6	1
284.8	278.8	64.5	6	1
284.8	278.8	64.4	6	1
284.8	278.8	64.3	6	1
284.8	278.8	64.2	6	1
284.8	278.8	64.1	6	1
284.8	278.8	64.0	6	1
284.8	278.8	63.9	6	1
284.8	278.8	63.8	6	1
284.8	278.8	63.7	6	1
284.8	278.8	63.6	6	1
284.8	278.8	63.5	6	1
284.8	278.8	63.4	6	1
284.8	278.8	63.3	6	1
284.8	278.8	63.2	6	1
284.8	278.8	63.1	6	1
284.8	278.8	63.0	6	1
284.8	278.8	62.9	6	1
284.8	278.8	62.8	6	1
284.8	278.8	62.7	6	1
284.8	278.8	62.6	6	1
284.8	278.8	62.5	6	1
284.8	278.8	62.4	6	1
284.8	278.8	62.3	5	0
284.8	278.8	62.2	4	0
284.8	278.8	62.1	4	0
284.8	278.8	62.0	4	0
284.8	278.8	61.9	4	0
284.8	278.8	61.8	3	0
284.8	278.8	61.7	3	0
284.8	278.8	61.6	3	0
284.8	278.8	61.5	3	0
284.8	278.8	61.4	3	0
284.8	278.8	61.3	3	0
284.8	278.8	61.2	3	0
284.8	278.8	61.1	3	0
284.8	278.8	61.0	3	0
284.8	278.8	60.9	4	0
284.8	278.8	60.8	4	0
284.8	278.8	60.7	3	0
284.8	278.8	60.6	3	0
284.8	278.8	60.5	4	0
284.8	278.8	60.4	5	0
284.8	278.8	60.3	5	0
284.8	278.8	60.2	5	0
284.8	278.8	60.1	5	0
284.8	278.8	60.0	3	0
284.8	278.8	59.9	3	0
284.8	278.8	59.8	3	0
284.8	278.8	59.7	3	0
284.8	278.8	59.6	3	0
284.8	278.8	59.5	3	0
284.8	278.8	59.4	3	0
284.8	278.8	59.3	3	0
542.8	207.8	88.4	5	0
542.8	207.8	88.3	6	1
542.8	207.8	88.2	6	1
542.8	207.8	88.1	6	1
542.8	207.8	88.0	6	1
542.8	207.8	87.9	6	1
542.8	207.8	87.8	6	1
542.8	207.8	87.7	6	1
542.8	207.8	87.6	6	1
542.8	207.8	87.5	6	1
542.8	207.8	87.4	6	1
542.8	207.8	87.3	6	1
542.8	207.8	87.2	6	1
542.8	207.8	87.1	6	1
542.8	207.8	87.0	6	1
542.8	207.8	86.9	6	1
542.8	207.8	86.8	6	1
542.8	207.8	86.7	6	1
542.8	207.8	86.6	6	1
542.8	207.8	86.5	6	1
542.8	207.8	86.4	6	1
542.8	207.8	86.3	6	1
542.8	207.8	86.2	6	1
542.8	207.8	86.1	6	1
542.8	207.8	86.0	6	1
542.8	207.8	85.9	6	1
542.8	207.8	85.8	6	1
542.8	207.8	85.7	6	1
542.8	207.8	85.6	6	1
542.8	207.8	85.5	6	1
542.8	207.8	85.4	6	1
542.8	207.8	85.3	6	1
542.8	207.8	85.2	6	1
542.8	207.8	85.1	6	1
542.8	207.8	85.0	6	1
542.8	207.8	84.9	6	1
542.8	207.8	84.8	6	1
542.8	207.8	84.7	6	1
542.8	207.8	84.6	6	1
542.8	207.8	84.5	5	0
542.8	207.8	84.4	5	0
542.8	207.8	84.3	9	0
542.8	207.8	84.2	3	0
542.8	207.8	84.1	3	0
542.8	207.8	84.0	4	0
542.8	207.8	83.9	3	0
542.8	207.8	83.8	3	0
542.8	207.8	83.7	4	0
542.8	207.8	83.6	3	0
542.8	207.8	83.5	3	0
542.8	207.8	83.4	3	0
542.8	207.8	83.3	3	0
542.8	207.8	83.2	3	0
542.8	207.8	83.1	4	0
542.8	207.8	83.0	5	0
542.8	207.8	82.9	4	0
542.8	207.8	82.8	4	0
542.8	207.8	82.7	4	0
542.8	207.8	82.6	3	0
542.8	207.8	82.5	4	0
542.8	207.8	82.4	3	0
542.8	207.8	82.3	3	0
542.8	207.8	82.2	3	0
542.8	207.8	82.1	3	0
542.8	207.8	82.0	3	0
542.8	207.8	81.9	3	0
542.8	207.8	81.8	3	0
542.8	207.8	81.7	3	0
542.8	207.8	81.6	4	0
542.8	207.8	81.5	4	0
542.8	207.8	81.4	4	0
542.8	207.8	81.3	4	0
542.8	207.8	81.2	4	0
542.8	207.8	81.1	5	0
542.8	207.8	81.0	4	0
542.8	207.8	80.9	3	0
542.8	207.8	80.8	4	0
542.8	207.8	80.7	4	0
542.8	207.8	80.6	4	0
542.8	207.8	80.5	3	0
542.8	207.8	80.4	3	0
542.8	207.8	80.3	3	0
542.8	207.8	80.2	3	0
542.8	207.8	80.1	3	0
542.8	207.8	80.0	3	0
542.8	207.8	79.9	3	0
542.8	207.8	79.8	4	0
542.8	207.8	79.7	4	0
542.8	207.8	79.6	3	0
542.8	207.8	79.5	3	0
542.8	207.8	79.4	3	0
542.8	207.8	79.3	3	0
542.8	207.8	79.2	3	0
542.8	207.8	79.1	3	0
542.8	207.8	79.0	3	0
542.8	207.8	78.9	3	0
542.8	207.8	78.8	3	0
542.8	207.8	78.7	2	0
542.8	207.8	78.6	3	0
542.8	207.8	78.5	3	0
542.8	207.8	78.4	3	0
542.8	207.8	78.3	3	0
542.8	207.8	78.2	3	0
542.8	207.8	78.1	3	0
542.8	207.8	78.0	3	0
542.8	207.8	77.9	3	0
542.8	207.8	77.8	4	0
542.8	207.8	77.7	5	0
542.8	207.8	77.6	5	0
542.8	207.8	77.5	5	0
542.8	207.8	77.4	5	0
542.8	207.8	77.3	5	0
542.8	207.8	77.2	5	0
542.8	207.8	77.1	5	0
542.8	207.8	77.0	4	0
542.8	207.8	76.9	4	0
542.8	207.8	76.8	4	0
542.8	207.8	76.7	4	0
542.8	207.8	76.6	4	0
542.8	207.8	76.5	3	0
542.8	207.8	76.4	3	0
542.8	207.8	76.3	3	0
542.8	207.8	76.2	3	0
542.8	207.8	76.1	3	0
542.8	207.8	76.0	3	0
542.8	207.8	75.9	3	0
542.8	207.8	75.8	3	0
542.8	207.8	75.7	3	0
542.8	207.8	75.6	3	0
542.8	207.8	75.5	3	0
542.8	207.8	75.4	3	0
542.8	207.8	75.3	3	0
542.8	207.8	75.2	4	0
542.8	207.8	75.1	4	0
542.8	207.8	75.0	5	0
542.8	207.8	74.9	4	0
542.8	207.8	74.8	4	0
542.8	207.8	74.7	5	0
542.8	207.8	74.6	5	0
542.8	207.8	74.5	5	0
542.8	207.8	74.4	5	0
542.8	207.8	74.3	5	0
542.8	207.8	74.2	5	0
542.8	207.8	74.1	5	0
542.8	207.8	74.0	5	0
542.8	207.8	73.9	5	0
542.8	207.8	73.8	5	0
542.8	207.8	73.7	5	0
542.8	207.8	73.6	5	0
542.8	207.8	73.5	5	0
542.8	207.8	73.4	5	0
542.8	207.8	73.3	5	0
542.8	207.8	73.2	5	0
542.8	207.8	73.1	5	0
542.8	207.8	73.0	6	1
542.8	207.8	72.9	6	1
542.8	207.8	72.8	6	1
542.8	207.8	72.7	6	1
542.8	207.8	72.6	5	0
542.8	207.8	72.5	6	1
542.8	207.8	72.4	6	1
542.8	207.8	72.3	6	1
542.8	207.8	72.2	6	1
542.8	207.8	72.1	6	1
542.8	207.8	72.0	5	0
542.8	207.8	71.9	5	0
542.8	207.8	71.8	5	0
542.8	207.8	71.7	6	1
542.8	207.8	71.6	6	1
542.8	207.8	71.5	6	1
542.8	207.8	71.4	6	1
542.8	207.8	71.3	6	1
542.8	207.8	71.2	6	1
542.8	207.8	71.1	6	1
647.8	314.8	88.4	6	1
647.8	314.8	88.3	6	1
647.8	314.8	88.2	6	1
647.8	314.8	88.1	6	1
647.8	314.8	88.0	6	1
647.8	314.8	87.9	6	1
647.8	314.8	87.8	6	1
647.8	314.8	87.7	6	1
647.8	314.8	87.6	6	1
647.8	314.8	87.5	6	1
647.8	314.8	87.4	6	1
647.8	314.8	87.3	6	1
647.8	314.8	87.2	6	1
647.8	314.8	87.1	6	1
647.8	314.8	87.0	6	1
647.8	314.8	86.9	6	1
647.8	314.8	86.8	6	1
647.8	314.8	86.7	6	1
647.8	314.8	86.6	6	1
647.8	314.8	86.5	6	1
647.8	314.8	86.4	6	1
647.8	314.8	86.3	6	1
647.8	314.8	86.2	6	1
647.8	314.8	86.1	6	1
647.8	314.8	86.0	6	1
647.8	314.8	85.9	6	1
647.8	314.8	85.8	6	1
647.8	314.8	85.7	6	1
647.8	314.8	85.6	6	1
647.8	314.8	85.5	5	0
647.8	314.8	85.4	5	0
647.8	314.8	85.3	6	1
647.8	314.8	85.2	6	1
647.8	314.8	85.1	5	0
647.8	314.8	85.0	6	1
647.8	314.8	84.9	6	1
647.8	314.8	84.8	6	1
647.8	314.8	84.7	6	1
647.8	314.8	84.6	6	1
647.8	314.8	84.5	5	0
647.8	314.8	84.4	6	1
647.8	314.8	84.3	6	1
647.8	314.8	84.2	5	0
647.8	314.8	84.1	4	0
647.8	314.8	84.0	4	0
647.8	314.8	83.9	3	0
647.8	314.8	83.8	3	0
647.8	314.8	83.7	3	0
647.8	314.8	83.6	3	0
647.8	314.8	83.5	3	0
647.8	314.8	83.4	4	0
647.8	314.8	83.3	5	0
647.8	314.8	83.2	4	0
647.8	314.8	83.1	4	0
647.8	314.8	83.0	4	0
647.8	314.8	82.9	4	0
647.8	314.8	82.8	4	0
647.8	314.8	82.7	4	0
647.8	314.8	82.6	4	0
647.8	314.8	82.5	5	0
647.8	314.8	82.4	5	0
647.8	314.8	82.3	3	0
647.8	314.8	82.2	3	0
647.8	314.8	82.1	3	0
647.8	314.8	82.0	4	0
647.8	314.8	81.9	5	0
647.8	314.8	81.8	6	1
647.8	314.8	81.7	6	1
647.8	314.8	81.6	6	1
647.8	314.8	81.5	5	0
647.8	314.8	81.4	4	0
647.8	314.8	81.3	3	0
647.8	314.8	81.2	3	0
647.8	314.8	81.1	3	0
647.8	314.8	81.0	4	0
647.8	314.8	80.9	4	0
647.8	314.8	80.8	4	0
647.8	314.8	80.7	4	0
647.8	314.8	80.6	4	0
647.8	314.8	80.5	3	0
647.8	314.8	80.4	4	0
647.8	314.8	80.3	5	0
647.8	314.8	80.2	5	0
647.8	314.8	80.1	5	0
647.8	314.8	80.0	4	0
647.8	314.8	79.9	3	0
647.8	314.8	79.8	3	0
647.8	314.8	79.7	3	0
647.8	314.8	79.6	3	0
647.8	314.8	79.5	3	0
647.8	314.8	79.4	4	0
647.8	314.8	79.3	4	0
647.8	314.8	79.2	3	0
647.8	314.8	79.1	3	0
647.8	314.8	79.0	3	0
647.8	314.8	78.9	3	0
647.8	314.8	78.8	3	0
647.8	314.8	78.7	3	0
647.8	314.8	78.6	3	0
647.8	314.8	78.5	3	0
647.8	314.8	78.4	3	0
647.8	314.8	78.3	3	0
647.8	314.8	78.2	3	0
647.8	314.8	78.1	3	0
647.8	314.8	78.0	3	0
647.8	314.8	77.9	3	0
647.8	314.8	77.8	3	0
647.8	314.8	77.7	3	0
647.8	314.8	77.6	3	0
647.8	314.8	77.5	3	0
647.8	314.8	77.4	3	0
647.8	314.8	77.3	3	0
647.8	314.8	77.2	4	0
647.8	314.8	77.1	4	0
647.8	314.8	77.0	3	0
647.8	314.8	76.9	4	0
647.8	314.8	76.8	4	0
647.8	314.8	76.7	4	0
647.8	314.8	76.6	5	0
647.8	314.8	76.5	5	0
647.8	314.8	76.4	5	0
647.8	314.8	76.3	5	0
647.8	314.8	76.2	5	0
647.8	314.8	76.1	5	0
647.8	314.8	76.0	5	0
647.8	314.8	75.9	5	0
647.8	314.8	75.8	6	1
647.8	314.8	75.7	6	1
647.8	314.8	75.6	5	0
647.8	314.8	75.5	5	0
647.8	314.8	75.4	5	0
647.8	314.8	75.3	5	0
647.8	314.8	75.2	6	1
647.8	314.8	75.1	6	1
647.8	314.8	75.0	6	1
647.8	314.8	74.9	6	1
647.8	314.8	74.8	6	1
647.8	314.8	74.7	6	1
647.8	314.8	74.6	6	1
647.8	314.8	74.5	6	1
647.8	314.8	74.4	6	1
647.8	314.8	74.3	6	1
647.8	314.8	74.2	6	1
647.8	314.8	74.1	6	1
647.8	314.8	74.0	6	1
647.8	314.8	73.9	6	1
647.8	314.8	73.8	6	1
647.8	314.8	73.7	6	1
647.8	314.8	73.6	6	1
647.8	314.8	73.5	6	1
647.8	314.8	73.4	6	1
647.8	314.8	73.3	6	1
647.8	314.8	73.2	6	1
647.8	314.8	73.1	6	1
647.8	314.8	73.0	6	1
647.8	314.8	72.9	6	1
647.8	314.8	72.8	6	1
647.8	314.8	72.7	6	1
647.8	314.8	72.6	4	0
647.8	314.8	72.5	4	0
647.8	314.8	72.4	4	0
647.8	314.8	72.3	4	0
647.8	314.8	72.2	4	0
647.8	314.8	72.1	4	0
647.8	314.8	72.0	4	0
647.8	314.8	71.9	5	0
647.8	314.8	71.8	4	0
647.8	314.8	71.7	3	0
647.8	314.8	71.6	3	0
647.8	314.8	71.5	4	0
647.8	314.8	71.4	5	0
647.8	314.8	71.3	5	0
647.8	314.8	71.2	5	0
647.8	314.8	71.1	6	1
647.8	314.8	71.0	6	1
647.8	314.8	70.9	6	1
647.8	314.8	70.8	6	1
647.8	314.8	70.7	6	1
647.8	314.8	70.6	6	1
647.8	314.8	70.5	6	1
647.8	314.8	70.4	6	1
647.8	314.8	70.3	6	1
647.8	314.8	70.2	6	1
647.8	314.8	70.1	6	1
647.8	314.8	70.0	6	1
647.8	314.8	69.9	6	1
647.8	314.8	69.8	6	1
647.8	314.8	69.7	6	1
647.8	314.8	69.6	6	1
647.8	314.8	69.5	6	1
647.8	314.8	69.4	6	1
647.8	314.8	69.3	6	1
647.8	314.8	69.2	6	1
647.8	314.8	69.1	6	1
647.8	314.8	69.0	6	1
647.8	314.8	68.9	6	1
647.8	314.8	68.8	6	1
647.8	314.8	68.7	6	1
647.8	314.8	68.6	6	1
647.8	314.8	68.5	5	0
647.8	314.8	68.4	5	0
647.8	314.8	68.3	5	0
647.8	314.8	68.2	6	1
647.8	314.8	68.1	6	1
647.8	314.8	68.0	5	0
647.8	314.8	67.9	6	1
647.8	314.8	67.8	6	1
647.8	314.8	67.7	6	1
647.8	314.8	67.6	5	0
647.8	314.8	67.5	4	0
647.8	314.8	67.4	4	0
647.8	314.8	67.3	4	0
647.8	314.8	67.2	4	0
647.8	314.8	67.1	4	0
647.8	314.8	67.0	4	0
647.8	314.8	66.9	4	0
647.8	314.8	66.8	3	0
647.8	314.8	66.7	4	0
647.8	314.8	66.6	4	0
647.8	314.8	66.5	4	0
647.8	314.8	66.4	5	0
647.8	314.8	66.3	5	0
647.8	314.8	66.2	4	0
647.8	314.8	66.1	4	0
647.8	314.8	66.0	4	0
647.8	314.8	65.9	5	0
647.8	314.8	65.8	6	1
